8080203,
859906560,
35378900,
35606807,
35546099,
35904232,
35933474,
34423598,
34763207,
35622189,
34793524,
33908069,
33203346,
6113053,
16230170,
13367968,
7953154,
35532592,
16751307,
33693571,
5636665,
7677226,
8445105,
35371332,
32406321,
35947547,
34673231,
14470826,
34093888,
34458261,
34965390,
33700616,
13680186,
h33099452
34627462,
35723234,
35542504,
33890549,
16120327,
34641378,
12276774,
5518274,
32912532,
35542504,
9160287,
16432399,
4510215,
35146393,
33508385,
36058696,
35820304,
35621521,
7411598,
7947824,
35561239,
12376032,
34405942,
7198951,
34643971,
33317788,
13155003,
34043309,
34140106,
33508385,
4928849,
16772560,
11094955,
10560880,
15713304,
911,
34636693,
7146011,
35477121,
34437676,
35008055,
34586807,
34396635,
10944653,
675278343,
13802474,
34093888,
16120327,
3842121,
17301036,
34152807,
34045847,
35545836,
35934502,
34877531,
35618356,
35483865,
35372565,
12497055,
36077260,
13853858,
12009037,
35162289,
7390063,
34763207,
35114972
